<2points crossover>

gen=6

a=0.46360596
b=1.300864222
r=0.992787995

gen=12

a=0.740831396
b=1.220713607
r=0.994069787

gen=15

a=0.835276303
b=1.170359127
r=0.985697342
